Mujoco presents a cleaned up version of the original urdf. Here are the comparisons
--- Finger: index
mcp: -0.314 2.23  || -0.314 2.23 # j1
rot: -1.047 1.047 || -1.047 1.047 # j0
pip: -0.506 1.885 || -0.506 1.885 # j2
dip: -0.366 2.042 || -0.366 2.042 # j3

transforms:
mcp_base: -0.007 0.023 -0.0187 || -0.0070952496528625457958 0.023057756134899472233 -0.01872240357846021927 # j1
rot_mcp: -0.0122 0.0381 0.0145 || -0.012200000000000007713 0.038099999999999994982 0.014500000000000000736 # j0
pip_rot: 0.015 0.0143 -0.013 || 0.01499999999999996822 0.014299999999999904801 -0.012999999999999824196 # j2
dip_pip: 0 -0.0361 0.0002 || -4.0880582495572692636e-09 -0.036100004210367367397 0.00020000000000007858714 # j3

--- Finger: middle
mcp: -0.314 2.23  || same # j5
rot: -1.047 1.047 || same # j4
pip: -0.506 1.885 || same # j6
dip: -0.366 2.042 || same # j7

transforms:
mcp_base: -0.0071 -0.0224 -0.0187 || -0.0070952496528625388569 -0.022392243865100525113 -0.018722403578460229678 #j5
rot_mcp: -0.0122 0.0381 0.0145 || -0.012200000000000019856 0.038099999999999981104 0.01450000000000000594 # j4
pip_rot: 0.015 0.0143 -0.013 || 0.014999999999999975159 0.014300000000000000211 -0.013000000000000018485 # j6
dip_pip: 0 -0.0361 0.0002 ||  1.0061396160665481148e-16 -0.036099999999999854428 0.00020000000000007858714 # j7


--- Finger: ring ()
mcp: -0.314 2.23  || -0.314 2.23  # j9
rot: -1.047 1.047 || -1.047 1.047 # j8
pip: -0.506 1.885 || same # j10
dip: -0.366 2.042 || same # j11

transforms:
mcp_base: -0.0071 -0.0678 -0.0187 || -0.0070952454426398371343 -0.067842243865100515521 -0.018722407666402932774 # j9
rot_mcp: -0.0122 0.0381 0.0145 || -0.012200000000000004244 0.038100000000000001921 0.014499999999999999001 # j8
pip_rot: 0.015 0.0143 -0.013 || 0.014999999999999971689 0.014299999999999951639 -0.012999999999999959505 # j10
dip_pip: 0 -0.0361 0.0002 || 9.7144514654701197287e-17 -0.036099999999999868305 0.00020000000000007511769 # j11


--- Finger: thumb (mismatch in ranges but match in join positions)
cmc: -0.349 2.094 || -0.349 2.094 # j12
axl: -0.349 2.094 || -0.47 2.443 # j13
mcp: -0.47 2.443  || -1.2 1.9 # j14
ipl: -1.34 1.88   || -1.34 1.88 # j15
Decision: Extend join ranges in MuJoCo to match dataset settings

transforms:
cmc_base: -0.0693 -0.0012 -0.0216 || -0.069395249652862533996 -0.0012422438651005258004 -0.021622403578460215601
axl_cmc: 0 0.0143 -0.013 || -2.7755575615628913511e-17 0.014300000000000005415 -0.013000000000000011546
mcp_axl: 0 0.0145 -0.017 || 0 0.014499999999999966041 -0.017000000000000053263
ipl_mcp: 0 0.0466 0.0002 || -1.249000902703301108e-16 0.046599999999999863753 0.00019999999999997710581

Freejoint at origin palm position (match)
